时间	电机力矩	位置	速度	倾角	倾角加速度
0.016	-19.4333	0.0694499	4.09462	-0.11185	5
0.032	208.608	-0.89579	-48.8769	0.15671	16.7849
0.048	-146.809	-0.557155	33.1753	0.247516	5.676
0.064	208.565	-1.52239	-48.8386	0.509588	16.3788
0.08	-146.853	-1.18375	33.211	0.594535	5.30982
0.096	208.518	-2.14898	-48.8044	0.851203	16.0411
0.112	-146.901	-1.81034	33.2427	0.931395	5.01207
0.128	208.469	-2.77557	-48.7739	1.18368	15.7678
0.144	-146.951	-2.43693	33.2713	1.25997	4.76881
0.16	213.426	-3.41513	-48.7591	1.24926	-0.670248
0.176	-144.127	-3.08379	33.2775	1.17625	-4.56263
0.192	217.937	-4.07356	-48.7651	0.930711	-15.3467
0.208	-148.644	-3.72832	33.7032	0.996754	4.12789
0.224	213.151	-4.70345	-48.3075	0.897035	-6.23267
0.24	-148.846	-4.35757	33.7217	0.969411	4.52375
0.256	213.2	-5.33284	-48.313	0.868385	-6.31427
0.272	-148.806	-4.98706	33.7171	0.93975	4.46082
0.288	213.233	-5.9624	-48.3169	0.837931	-6.36421
0.304	-148.799	-5.61663	33.7155	0.909272	4.45938
0.32	210.613	-6.58401	-48.0654	0.887054	-1.38928
0.336	-151.408	-6.23035	33.9685	1.03706	9.37561
0.352	210.635	-7.19788	-48.0639	1.01332	-1.48378
0.368	-151.304	-6.84463	33.9621	1.15934	9.12662
0.384	208.969	-7.80719	-47.8999	1.18532	1.62325
0.4	-152.891	-7.44915	34.1369	1.37444	11.8205
0.416	209.911	-8.41431	-47.8993	1.35093	-1.46962
0.432	-145.46	-8.07564	34.1187	1.15508	-12.2401
0.448	120.003	-8.71432	-27.8987	1.25971	6.53764
0.464	-204.462	-8.16355	46.8893	1.22917	-1.90797
0.48	150.913	-8.91659	-35.1299	1.37103	8.86636
0.496	-204.483	-8.36582	46.899	1.33938	-1.97771
0.512	154.805	-9.129	-35.1309	1.27766	-3.85807
0.528	-206.192	-8.57355	46.9465	1.32461	2.93535
0.544	152.888	-9.33023	-34.8031	1.28821	-2.27594
0.56	-207.386	-8.7704	47.2264	1.33361	2.83753
0.576	151.474	-9.52344	-34.8016	1.37091	2.33113
0.592	-203.904	-8.97268	47.2191	1.23562	-8.45487
0.608	132.676	-9.6608	-30.6436	1.30515	4.34475
0.624	-222.903	-9.04509	51.2632	1.23871	-4.15157
0.64	132.481	-9.73317	-30.7594	1.34494	6.63861
0.656	-222.896	-9.11741	51.2632	1.27811	-4.17622
0.672	132.645	-9.80544	-30.6736	1.35614	4.87653
0.688	-223.087	-9.18966	51.1572	1.32357	-2.03546
0.704	135.559	-9.88615	-30.8719	1.29438	-1.82453
0.72	-224.674	-9.26604	51.1896	1.33749	2.69454
0.736	134.33	-9.95782	-30.5531	1.29963	-2.36653
0.752	-225.555	-9.33407	51.4747	1.32361	1.49921
0.768	132.87	-10.0221	-30.5536	1.36234	2.42013
0.784	-222.505	-9.40623	51.4666	1.22848	-8.366
0.8	117.471	-10.0224	-27.1681	1.29835	4.36651
0.816	-238.149	-9.33476	54.7217	1.23827	-3.75434
0.832	117.23	-9.95094	-27.2995	1.35083	7.0342
0.848	-238.434	-9.26331	54.5753	1.33922	-0.724923
0.864	121.617	-9.8916	-27.4559	1.25787	-5.08468
0.88	-239.912	-9.19962	54.6727	1.30134	2.7171
0.896	119.156	-9.81973	-27.076	1.26186	-2.46791
0.912	-242.251	-9.12037	54.9557	1.36302	6.32265
0.928	118.559	-9.73897	-27.0747	1.35453	-0.530577
0.944	-238.693	-9.04887	54.9481	1.27112	-5.21253
0.96	117.644	-9.66502	-27.0741	1.3104	2.45431
0.976	-237.731	-8.97736	54.9463	1.17704	-8.33486
0.992	98.078	-9.51814	-22.7272	1.2455	4.27868
1.008	-183.016	-8.93573	42.0071	1.20991	-2.22408
1.024	172.893	-9.6564	-40.0682	1.33162	7.60649
1.04	-183.382	-9.0698	42.0554	1.30414	-1.71659
1.056	175.134	-9.79399	-40.0082	1.29478	-0.585825
1.072	-184.715	-9.20191	42.0253	1.344	3.07675
1.088	177.293	-9.92901	-39.9855	1.21635	-7.97884
1.104	-184.705	-9.33362	42.0161	1.26713	3.17398
1.12	174.874	-10.0516	-39.7884	1.22102	-2.88204
1.136	-187.085	-9.44819	42.2319	1.34702	7.87532
1.152	174.982	-10.1656	-39.8111	1.30044	-2.91154
1.168	-185.133	-9.56654	42.2051	1.33036	1.87032
1.184	148.074	-10.2804	-34.0011	1.36242	2.00345
1.2	-208.841	-9.6871	47.848	1.34165	-1.29749
1.216	138.468	-10.408	-31.433	1.28863	-3.31419
1.232	-222.573	-9.80855	50.6725	1.34017	3.2217
1.248	136.407	-10.5208	-31.0899	1.31648	-1.4811
1.264	-222.294	-9.91971	50.9348	1.29332	-1.44736
1.28	103.591	-10.6282	-23.8897	1.33929	2.87302
1.296	-162.044	-10.0347	37.4417	1.25094	-5.52166
1.312	195.402	-10.7517	-44.8696	1.29343	2.65578
1.328	-164.382	-10.1506	37.762	1.25417	-2.45357
1.344	192.888	-10.8584	-44.2816	1.29366	2.468
1.36	-165.877	-10.2526	37.9466	1.29042	-0.202532
1.376	191.813	-10.9559	-43.9297	1.30562	0.949691
1.392	-166.657	-10.3483	37.903	1.3532	2.9744
1.408	145.819	-11.051	-33.0386	1.28292	-4.39305
1.424	-214.418	-10.441	48.7644	1.34435	3.83963
1.44	146.023	-11.1407	-33.2235	1.30572	-2.4151
1.456	-169.325	-10.5236	38.4759	1.36178	3.50438
1.472	192.899	-11.2294	-43.8605	1.30425	-3.59603
1.488	-169.996	-10.6093	38.7197	1.33967	2.21401
1.504	190.786	-11.3077	-43.4249	1.29304	-2.91463
1.52	-170.863	-10.6846	38.878	1.33758	2.7839
1.536	187.711	-11.3727	-42.9427	1.34156	0.248036
1.552	-168.977	-10.7547	38.8446	1.29497	-2.91062
1.568	186.495	-11.4395	-42.9008	1.35304	3.62839
1.584	-169.85	-10.8176	39.1986	1.2711	-5.12062
1.6	186.018	-11.501	-42.8774	1.34877	4.85401
1.616	-169.991	-10.8795	39.0201	1.31514	-2.10109
1.632	188.173	-11.5691	-42.9954	1.30697	-0.511281
1.648	-172.11	-10.9415	39.1617	1.35184	2.80495
1.664	186.913	-11.6259	-42.6017	1.3195	-2.02223
1.68	-172.535	-10.9955	39.5333	1.30157	-1.12057
1.696	185.11	-11.6746	-42.4687	1.33318	1.97584
1.712	-170.435	-11.0494	39.579	1.19478	-8.64966
1.728	184.646	-11.7268	-42.3867	1.23195	2.32264
1.744	-171.459	-11.0989	39.5821	1.14648	-5.34129
1.76	183.951	-11.7747	-42.4306	1.23011	5.22667
1.776	-172.069	-11.1454	39.5368	1.18697	-2.6959
1.792	183.297	-11.8198	-42.4663	1.313	7.87654
1.808	-172.477	-11.1891	39.6022	1.27624	-2.29735
1.824	184.062	-11.8652	-42.4038	1.34788	4.47714
1.84	-173.889	-11.2302	39.7631	1.34818	0.0194108
1.856	185.66	-11.9098	-42.2464	1.30012	-3.00477
1.872	-175.741	-11.2695	39.8668	1.37367	4.59735
1.888	183.405	-11.9416	-41.8911	1.36232	-0.709972
1.904	-173.541	-11.3066	39.9388	1.30419	-3.63203
1.92	182.663	-11.9775	-42.0587	1.37009	4.1179
1.936	-173.453	-11.3426	39.9987	1.29365	-4.77658
1.952	182.381	-12.0123	-41.9618	1.35209	3.65218
1.968	-173.563	-11.3771	39.9753	1.28674	-4.08446
1.984	182.436	-12.0473	-42.0355	1.35921	4.52906
2	-174.486	-11.4096	40.0047	1.33545	-1.48435
2.016	184.003	-12.0836	-41.9716	1.31123	-1.51455
2.032	-176.229	-11.4412	40.0395	1.37081	3.72453
2.048	182.812	-12.1109	-41.7087	1.34873	-1.38088
2.064	-174.745	-11.4709	40.365	1.25608	-5.79033
2.08	146.748	-12.1379	-33.7906	1.30932	3.328
2.096	-174.502	-11.4994	40.1709	1.24836	-3.8102
2.112	183.17	-12.1715	-42.0586	1.28768	2.45774
2.128	-177.174	-11.5242	40.5626	1.27695	-0.670971
2.144	182.359	-12.1918	-41.5263	1.23681	-2.50852
2.16	-178.531	-11.5405	40.6679	1.27306	2.26559
2.176	179.504	-12.1981	-40.9799	1.25735	-0.982586
2.192	-179.465	-11.5446	40.6345	1.35011	5.79822
2.208	180.052	-12.2035	-40.9499	1.29881	-3.20609
2.224	-178.149	-11.5539	40.528	1.34705	3.01499
2.24	183.42	-12.2254	-41.7671	1.30656	-2.53118
2.256	-176.612	-11.5812	40.2055	1.34818	2.60197
2.272	183.159	-12.2521	-41.7842	1.32524	-1.43494
2.288	-177.939	-11.6031	40.526	1.36296	2.3582
2.304	180.001	-12.2622	-41.0122	1.3286	-2.14773
2.32	-178.323	-11.611	40.7699	1.33055	0.121985
2.336	188.276	-12.2997	-42.7595	1.26299	-4.22238
2.352	-176.298	-11.6569	40.0815	1.31656	3.34816
2.368	186.652	-12.3388	-42.2094	1.20808	-6.78028
2.384	-178.052	-11.6897	40.4635	1.26601	3.62119
2.4	185.51	-12.3675	-41.9813	1.16509	-6.30818
2.416	-179.1	-11.7148	40.6444	1.23649	4.46299
2.432	181.257	-12.3781	-41.244	1.18947	-2.93959
2.448	-180.639	-11.7207	40.8003	1.30576	7.2688
2.464	181.29	-12.3839	-41.1757	1.24134	-4.02655
2.48	-180.197	-11.7278	40.7768	1.33984	6.15659
2.496	181.894	-12.3942	-41.5338	1.32581	-0.877184
2.512	-177.448	-11.7453	40.7552	1.28534	-2.52901
2.528	180.686	-12.4084	-41.4769	1.32152	2.26059
2.544	-175.885	-11.7649	40.463	1.26611	-3.46245
2.56	181.741	-12.432	-41.7736	1.31497	3.05378
2.576	-176.584	-11.7869	40.4413	1.30112	-0.865335
2.592	181.616	-12.4512	-41.2474	1.23604	-4.06804
2.608	-179.259	-11.7975	40.7863	1.28327	2.95231
2.624	179.344	-12.4542	-40.8801	1.25304	-1.88946
2.64	-182.776	-11.789	41.2858	1.37007	7.314
2.656	179.66	-12.4466	-40.8643	1.31968	-3.14948
2.672	-180.19	-11.7884	41.2391	1.31199	-0.480301
2.688	178.761	-12.4444	-41.0525	1.3518	2.48779
2.704	-177.855	-11.7933	41.0152	1.27309	-4.91891
2.72	179.919	-12.4545	-41.4981	1.35429	5.0749
2.736	-178.33	-11.8023	40.9797	1.3086	-2.85575
2.752	180.248	-12.4633	-41.2903	1.32499	1.02428
2.768	-180.475	-11.8052	41.0456	1.37648	3.21858
2.784	181.658	-12.4688	-41.0347	1.26054	-7.24724
2.8	-181.205	-11.8084	41.1346	1.32989	4.3355
2.816	177.836	-12.4601	-40.6419	1.32413	-0.360958
2.832	-180.254	-11.8006	41.4805	1.26451	-3.72591
2.848	176.323	-12.4483	-40.626	1.33431	4.36277
2.864	-181.375	-11.7845	41.7779	1.26527	-4.31495
2.88	145.221	-12.4297	-33.5272	1.33816	4.55592
2.896	-211.957	-11.7564	48.3408	1.36771	1.84686
2.912	99.6135	-12.4018	-22.1374	1.2207	-9.18822
2.928	-186.428	-11.722	42.3848	1.27728	3.5363
2.944	175.487	-12.3651	-40.0964	1.26962	-0.479498
2.96	-187.598	-11.6816	42.5362	1.35283	5.2009
2.976	175.249	-12.3238	-40.027	1.34174	-0.693363
2.992	-189.774	-11.629	43.7647	1.25755	-5.26179
3.008	87.8396	-12.252	-20.277	1.30107	2.72032
3.024	-265.26	-11.5482	60.747	1.28093	-1.25847
3.04	-32.9933	-12.1798	7.62732	1.26204	-1.1805
3.056	320.986	-14.1022	-71.8591	0.90865	-22.0887
3.072	-164.571	-13.6238	38.0218	0.819793	-5.5534
3.088	186.927	-14.4109	-41.6266	0.563431	-16.0206
3.104	-119.707	-13.9711	27.8957	0.444002	-7.46293
3.12	229.296	-14.8067	-51.6158	0.256522	-11.7217
3.136	-246.003	-14.4234	56.2052	0.267987	0.718074
3.152	162.657	-15.3256	-36.311	0.0652839	-12.6683
3.168	-228.826	-15.0055	52.399	0.0489141	-1.02449
3.184	168.29	-15.9966	-37.5302	-0.169567	-13.6538
3.2	-227.691	-15.7341	52.1677	-0.192431	-1.42819
3.216	163.416	-16.791	-36.4221	-0.409352	-13.5594
3.232	-227.238	-16.5714	52.0547	-0.43007	-1.29311
3.248	158.351	-17.6724	-35.3492	-0.62744	-12.3374
3.264	-228.486	-17.4598	51.8948	-0.546208	5.07755
3.28	134.687	-18.5698	-30.4124	-0.634924	-5.54538
3.296	-226.184	-18.3731	51.4064	-0.562357	4.53632
3.312	138.498	-19.4937	-31.3546	-0.634889	-4.53402
3.328	-224.543	-19.3258	51.0887	-0.575547	3.71033
3.344	138.532	-20.4723	-31.3184	-0.658122	-5.1624
3.36	-222.548	-20.3012	50.6827	-0.610243	2.99378
3.376	137.641	-21.4439	-31.0127	-0.716209	-6.62331
3.392	-219.829	-21.2317	50.1144	-0.680569	2.22772
3.408	135.418	-22.3296	-30.8591	-0.705248	-1.54372
3.424	-226.376	-22.1077	51.1691	-0.568289	8.56042
3.44	135.798	-23.2075	-30.886	-0.606765	-2.40487
3.456	-226.156	-22.9844	51.1681	-0.481105	7.85408
3.472	136.227	-24.0829	-30.938	-0.530129	-3.06409
3.488	-226.322	-23.8606	51.2007	-0.403233	7.93189
3.504	135.426	-24.9581	-30.865	-0.427036	-1.4886
3.52	-226.642	-24.7333	51.1673	-0.275732	9.45676
3.536	135.836	-25.8297	-30.9856	-0.293401	-1.1045
3.552	-225.736	-25.6043	50.9513	-0.14011	9.58091
3.568	138.728	-26.7039	-31.4871	-0.194364	-3.39096
3.584	-223.592	-26.4818	50.5912	-0.0708696	7.7189
3.6	139.5	-27.5825	-31.6342	-0.131867	-3.81286
3.616	-219.391	-27.3722	50.1199	-0.120414	0.716383
3.632	143.368	-28.4838	-32.0644	-0.285426	-10.3135
3.648	-219.085	-28.2723	50.0117	-0.265206	1.26393
3.664	141.299	-29.376	-31.9191	-0.355188	-5.62437
3.68	-220.944	-29.1588	50.1495	-0.269193	5.37495
3.696	141.882	-30.2629	-32.0592	-0.357615	-5.52666
3.712	-218.973	-30.0508	49.9083	-0.319645	2.37361
3.728	141.459	-31.1529	-32.0527	-0.387395	-4.23488
3.744	-220.744	-30.9338	50.0446	-0.287843	6.22225
3.76	141.12	-32.033	-32.0612	-0.335874	-3.0022
3.776	-220.745	-31.8113	49.9468	-0.213877	7.62498
3.792	141.225	-32.9098	-32.1027	-0.257915	-2.75256
3.808	-220.272	-32.6886	49.8597	-0.14075	7.32349
3.824	141.468	-33.7882	-32.1376	-0.189545	-3.05036
3.84	-217.391	-33.5758	49.5909	-0.161707	1.74051
3.856	144.623	-34.6844	-32.4444	-0.305423	-8.98288
3.872	-217.514	-34.4705	49.6026	-0.273801	1.97701
3.888	142.058	-35.5701	-32.1935	-0.340632	-4.17768
3.904	-219.762	-35.3485	49.8164	-0.240258	6.27365
3.92	141.367	-36.4454	-32.1129	-0.289409	-3.07222
3.936	-220.439	-36.223	49.9274	-0.179035	6.89921
3.952	141.287	-37.3204	-32.0927	-0.228603	-3.09879
3.968	-221.009	-37.0968	50.0048	-0.106097	7.65683
3.984	141.238	-38.1953	-32.0208	-0.169597	-3.96891
4	-217.625	-37.9827	49.7288	-0.16111	0.531105
4.016	144.29	-39.091	-32.2845	-0.324015	-10.1818
4.032	-218.072	-38.8773	49.7999	-0.308385	0.97716
4.048	141.582	-39.9774	-32.0014	-0.3943	-5.37039
4.064	-220.578	-39.7562	50.0657	-0.308301	5.3751
4.08	140.705	-40.854	-31.893	-0.373129	-4.05192
4.096	-221.519	-40.6307	50.1828	-0.264651	6.78008
4.112	140.344	-41.7279	-31.8372	-0.323335	-3.66788
4.128	-221.823	-41.5039	50.2245	-0.208475	7.17888
4.144	140.002	-42.6004	-31.7865	-0.26089	-3.27602
4.16	-221.264	-42.3761	50.1371	-0.155309	6.59888
4.176	140.437	-43.4709	-31.8998	-0.204564	-3.07851
4.192	-219.265	-43.2502	49.8943	-0.148064	3.53201
4.208	142.006	-44.3461	-32.1163	-0.22986	-5.11306
4.224	-222.022	-44.1139	50.3734	-0.138689	5.69903
4.24	141.069	-45.2032	-31.8956	-0.221996	-5.20758
4.256	-219.05	-44.9776	49.9775	-0.195797	1.63824
4.272	141.074	-46.0665	-31.9309	-0.271248	-4.71658
4.288	-221.045	-45.8333	50.0994	-0.168508	6.42156
4.304	141.548	-46.9223	-32.0402	-0.243776	-4.70447
4.32	-219.932	-46.6923	49.9427	-0.16343	5.02186
4.336	141.139	-47.7795	-32.058	-0.213217	-3.11189
4.352	-221.002	-47.5454	49.9839	-0.0862478	7.93584
4.368	142.23	-48.6343	-32.2535	-0.148399	-3.88464
4.384	-216.499	-48.412	49.4667	-0.138839	0.598039
4.4	145.966	-49.5109	-32.6648	-0.302427	-10.2248
4.416	-216.263	-49.287	49.3809	-0.285545	1.05565
4.432	143.797	-50.3773	-32.5013	-0.372967	-5.46443
4.448	-218.148	-50.1468	49.5309	-0.291744	5.07667
4.464	143.332	-51.2343	-32.5082	-0.353251	-3.84447
4.48	-218.529	-51.0008	49.5015	-0.245367	6.74298
4.496	143.381	-52.0872	-32.5425	-0.301584	-3.51378
4.512	-217.889	-51.8535	49.3841	-0.200304	6.33071
4.528	143.397	-52.9387	-32.5827	-0.248153	-2.99124
4.544	-218.645	-52.7024	49.4572	-0.124001	7.7597
4.56	143.772	-53.7886	-32.5978	-0.188021	-4.0015
4.576	-215.063	-53.5631	49.1364	-0.178012	0.626316
4.592	144.233	-54.6503	-32.6332	-0.258056	-5.0035
4.608	-217.766	-54.4164	49.4085	-0.168816	5.57824
4.624	144.157	-55.5031	-32.6101	-0.250202	-5.08733
4.64	-216.85	-55.272	49.3447	-0.194314	3.49369
4.656	143.216	-56.356	-32.4861	-0.254778	-3.77976
4.672	-218.818	-56.1185	49.5608	-0.145322	6.84122
4.688	143.456	-57.2027	-32.4996	-0.215332	-4.37573
4.704	-216.113	-56.9732	49.3033	-0.188588	1.67215
4.72	143.382	-58.0576	-32.4648	-0.262654	-4.62982
4.736	-218.691	-57.8201	49.5793	-0.164071	6.16161
4.752	143.336	-58.9039	-32.4515	-0.238787	-4.6698
4.768	-217.912	-58.6686	49.5058	-0.164198	4.66236
4.784	142.806	-59.7506	-32.4034	-0.222185	-3.62487
4.8	-219.233	-59.5114	49.6268	-0.106124	7.25398
4.816	143.169	-60.5944	-32.4482	-0.172869	-4.17163
4.832	-215.653	-60.366	49.2733	-0.163297	0.598812
4.848	144.832	-61.4536	-32.6076	-0.280579	-7.33067
4.864	-216.806	-61.2233	49.3893	-0.237195	2.7116
4.88	144.657	-62.3088	-32.7302	-0.31725	-5.00358
4.896	-217.43	-62.0727	49.3244	-0.22632	5.68381
4.912	143.953	-63.1553	-32.6568	-0.286294	-3.74915
4.928	-217.99	-62.9172	49.3557	-0.173234	7.06642
4.944	144.51	-64.0015	-32.7308	-0.245481	-4.51551
4.96	-217.004	-63.7661	49.2441	-0.158476	5.43842
4.976	144.242	-64.8492	-32.7315	-0.2165	-3.6272
4.992	-217.753	-64.6111	49.2896	-0.100709	7.23711
5.008	144.713	-65.6952	-32.801	-0.167493	-4.17406
5.024	-214.052	-65.468	48.913	-0.159277	0.514056
5.04	145.539	-66.5543	-32.9003	-0.246575	-5.45675
5.056	-216.443	-66.3195	49.1192	-0.160382	5.38731
5.072	145.7	-67.4058	-32.9385	-0.247366	-5.43666
5.088	-215.304	-67.1741	48.9904	-0.191286	3.50552
5.104	145.016	-68.2578	-32.8976	-0.251791	-3.78221
5.12	-216.951	-68.0204	49.1234	-0.139923	6.992
5.136	145.45	-69.105	-32.9573	-0.209507	-4.34916
5.152	-214.086	-68.8759	48.8281	-0.180075	1.84008
5.168	145.993	-69.9613	-33.0406	-0.25901	-4.93404
5.184	-216.247	-69.7252	49.0427	-0.165568	5.84027
5.2	145.943	-70.8103	-33.0264	-0.245145	-4.97364
5.216	-215.075	-70.5773	48.907	-0.181986	3.94801
5.232	145.318	-71.6602	-32.9868	-0.23787	-3.49342
5.248	-216.705	-71.4218	49.0442	-0.120781	7.31823
5.264	145.827	-72.5057	-33.0572	-0.187256	-4.15478
5.28	-213.066	-72.2781	48.6718	-0.175406	0.741148
5.296	146.61	-73.364	-33.1518	-0.26118	-5.36146
5.312	-215.384	-73.1289	48.8733	-0.174074	5.44432
5.328	146.743	-74.2149	-33.1837	-0.259514	-5.34015
5.344	-214.181	-73.9831	48.7417	-0.205322	3.38759
5.36	146.019	-75.0664	-33.1326	-0.264577	-3.70409
5.376	-215.982	-74.8286	48.8997	-0.152253	7.02041
5.392	146.46	-75.9128	-33.1885	-0.221776	-4.3453
5.408	-215.161	-75.677	48.8018	-0.130033	5.73449
5.424	146.104	-76.7597	-33.168	-0.185605	-3.47387
5.44	-212.895	-76.5306	48.5755	-0.160716	1.55618
5.456	149.168	-77.6224	-33.4699	-0.307598	-9.18063
5.472	-212.823	-77.3931	48.5567	-0.282105	1.59347
5.488	147.084	-78.4782	-33.2796	-0.363439	-5.08364
5.504	-214.929	-78.2423	48.7545	-0.272977	5.65407
5.52	146.395	-79.3251	-33.2091	-0.33437	-3.83727
5.536	-214.829	-79.0892	48.7238	-0.242124	5.76606
5.552	146.352	-80.1714	-33.2645	-0.288605	-2.90579
5.568	-215.848	-79.932	48.8063	-0.16191	7.91866
5.584	146.226	-81.0146	-33.1961	-0.217457	-3.47184
5.6	-215.854	-80.7764	48.8597	-0.102669	7.17448
5.616	146.357	-81.8601	-33.1744	-0.170013	-4.20922
5.632	-212.647	-81.632	48.5857	-0.160399	0.601538
5.648	147.753	-82.7199	-33.2678	-0.279484	-7.44338
5.664	-213.134	-82.4855	48.5742	-0.24177	2.35767
5.68	147.259	-83.5669	-33.304	-0.326692	-5.30833
5.696	-214.535	-83.3256	48.6929	-0.24276	5.2459
5.712	146.941	-84.4032	-33.2798	-0.316601	-4.61522
5.728	-214.42	-84.1675	48.7022	-0.240827	4.73672
5.744	147.053	-85.2498	-33.3603	-0.302065	-3.8282
5.76	-215.609	-85.01	48.8067	-0.187956	7.13198
5.776	146.152	-86.0908	-33.1832	-0.242569	-3.41336
5.792	-215.162	-85.8527	48.7357	-0.1356	6.68561
5.808	146.638	-86.9347	-33.2722	-0.195283	-3.73026
5.824	-212.373	-86.7019	48.4701	-0.17356	1.35836
5.84	148.157	-87.785	-33.4157	-0.279929	-6.6488
5.856	-213.303	-87.5499	48.4896	-0.213993	4.12172
5.872	147.33	-88.6326	-33.3836	-0.284404	-4.40136
5.888	-214.289	-88.3916	48.5665	-0.184431	6.24843
5.904	147.555	-89.4713	-33.4551	-0.250251	-4.11381
5.92	-214.272	-89.229	48.5434	-0.145869	6.52393
5.936	147.935	-90.3073	-33.5542	-0.208881	-3.93832
5.952	-212.126	-90.0715	48.2785	-0.156229	3.29139
5.968	149.196	-91.1527	-33.7411	-0.242504	-5.39289
5.984	-214.698	-90.9137	48.7097	-0.153888	5.53865
6	148.561	-91.9959	-33.5943	-0.240524	-5.41483
6.016	-213.313	-91.7606	48.5181	-0.180556	3.74861
6.032	147.475	-92.8401	-33.5019	-0.231484	-3.18372
6.048	-214.747	-92.5985	48.5698	-0.108258	7.7018
6.064	148.098	-93.6794	-33.5975	-0.169916	-3.85374
6.08	-210.638	-93.4491	48.1182	-0.158471	0.715841
6.096	151.756	-94.5402	-33.9936	-0.320954	-10.1557
6.112	-210.465	-94.3093	48.0484	-0.302562	1.14997
6.128	149.807	-95.3936	-33.8476	-0.39641	-5.86607
6.144	-212.145	-95.1569	48.1717	-0.318301	4.88205
6.16	149.065	-96.2381	-33.8199	-0.379664	-3.83544
6.176	-212.843	-95.9981	48.1924	-0.269729	6.87116
6.192	149.089	-97.0784	-33.8543	-0.324454	-3.4205
6.208	-212.863	-96.8376	48.1657	-0.207344	7.31957
6.224	149.021	-97.9171	-33.8668	-0.255693	-3.02201
6.24	-212.344	-97.6758	48.0682	-0.143477	7.01413
6.256	149.398	-98.7549	-33.9401	-0.194715	-3.20304
6.272	-209.456	-98.5227	47.7929	-0.170659	1.50417
6.288	152.45	-99.6112	-34.2249	-0.316508	-9.1162
6.304	-209.584	-99.3774	47.8093	-0.289514	1.68775
6.32	150.214	-100.458	-34.0052	-0.368618	-4.94473
6.336	-211.571	-100.217	48.0087	-0.283249	5.33582
6.352	149.11	-101.293	-33.8813	-0.332896	-3.10315
6.368	-212.91	-101.048	48.1677	-0.21379	7.44432
6.384	148.818	-102.123	-33.8285	-0.260264	-2.90483
6.4	-213.094	-101.879	48.2357	-0.14711	7.07297
6.416	148.911	-102.956	-33.8266	-0.198881	-3.23648
6.432	-211.183	-102.718	48.0434	-0.141773	3.56988
6.448	150.586	-103.801	-33.9403	-0.255194	-7.08946
6.464	-211.95	-103.569	48.2789	-0.211857	2.70925
6.48	148.171	-104.652	-33.5401	-0.290436	-4.91199
6.496	-214.149	-104.42	48.6036	-0.206283	5.25984
6.512	147.779	-105.507	-33.4781	-0.278552	-4.51699
6.528	-215.675	-105.275	48.9598	-0.196074	5.1556
6.544	146.513	-106.36	-33.3109	-0.240355	-2.76824
6.56	-216.852	-106.123	49.0177	-0.109493	8.17914
6.576	145.429	-107.207	-33.0228	-0.162975	-3.34289
6.592	-213.709	-106.981	48.7734	-0.140739	1.39036
6.608	148.21	-108.075	-33.2391	-0.290344	-9.35088
6.624	-214.281	-107.848	48.881	-0.262789	1.72272
6.64	145.312	-108.935	-32.9153	-0.334742	-4.49764
6.656	-216.899	-108.7	49.1665	-0.235476	6.2043
6.672	144.989	-109.787	-32.8385	-0.308098	-4.53902
6.688	-215.594	-109.556	49.0692	-0.254922	3.32413
6.704	143.944	-110.639	-32.7138	-0.301408	-2.90609
6.72	-218.167	-110.401	49.3418	-0.175915	7.84351
6.736	143.943	-111.484	-32.6979	-0.226002	-3.13057
6.752	-218.216	-111.246	49.3628	-0.10275	7.70339
6.768	144.264	-112.33	-32.7155	-0.16559	-3.92757
6.784	-214.541	-112.103	49.0127	-0.154574	0.689067
6.8	147.544	-113.197	-33.0285	-0.317494	-10.1829
6.816	-214.796	-112.969	49.0365	-0.298605	1.18092
6.832	145.067	-114.055	-32.7934	-0.385668	-5.44205
6.848	-217.006	-113.82	49.2402	-0.297712	5.49745
6.864	144.334	-114.904	-32.7335	-0.360102	-3.89959
6.88	-217.783	-114.667	49.3111	-0.247676	7.02686
6.896	144.197	-115.751	-32.7265	-0.304478	-3.55027
6.912	-217.06	-115.515	49.1977	-0.203955	6.28281
6.928	144.719	-116.597	-32.8832	-0.252232	-3.01748
